$ANSIBLE_VAULT;1.1;AES256
30336137623961316365386539643666623234323761383535376631623632626231613333663539
6364613165643637393764383466323231366136653463300a323330303439636137333865613739
66623265626131306563623930396639316165666234633134333538303434303334613832323939
3634323831333336340a626534346535656335323863386439306335326361653862313566393537
39303838633133333437616561326632336130666633633733313639386238616336616634356635
66373031393264646365336534616363646135613863613738333331313936653738303664656538
31386366326266623936316230613130636531633238396265306164653965623530373866316465
61346430313736613736343836356166613064313232666466346462656536636366316661383537
32623231653738303365396162373961646661646266393939656462633064393666613834333638
37616161313661633862303766663532366439353835366662313236343936663535303461613036
31623864366636636163363238373764626462306265373663616135336231636465663635336330
33626132303331663863343065653461353634633633323565653066346236303735393763303333
6236
